    3.10    5.51    0.00    0.00   15.76    6.58  184.76    0.00    0.00    0.00   12.70    0.00       0      10    0.00
    3.10    5.51    0.00    0.00   15.76    6.58  184.76    0.00    0.00    0.00   12.70    0.00      15      10    0.00
    3.10    5.51    0.00    0.00   15.76    6.58  184.76    0.00    0.00    0.00   12.70    0.00      15      78    0.00
    3.10    5.51    0.00    0.00   15.76    6.58  184.76    0.00    0.00    0.00   12.70    0.00      82      78    0.00
    3.10    5.51    0.00    0.00   15.76    6.58  184.76    0.00    0.00    0.00   12.70    0.00      82     180    0.00
    3.10    5.51    0.00    0.00   15.76    6.58  184.76    0.00    0.00    0.00   12.70    0.00     184     180    0.00
    3.10    5.51    0.00    0.00   15.76    6.58  184.76    0.00    0.00    0.00   12.70    0.00     184     232    0.00
    3.10    5.51    0.00    0.00   15.76    6.58  184.76    0.00    0.00    0.00   12.70    0.00     236     232    0.00
    3.10    5.51    0.00    0.00   10.37    6.76  180.00   -0.74    0.00    0.00    7.37    0.17     236      66    0.00
    3.10    5.51    0.00    0.00   10.37    6.76  180.00   -0.74    0.00    0.00    7.37    0.17      70      66    0.00
    3.10    5.51    0.00    0.00    9.55    6.76  180.00   -0.82    0.00    0.00    6.57    0.19      70      27    0.00
    3.10    5.51    0.00    0.00    9.55    6.76  180.00   -0.82    0.00    0.00    6.57    0.19      31      27    0.00
    3.10    5.51    0.00    0.00    8.74    6.67  180.00   -0.82   -0.09    0.00    5.75    0.20      31     -14    0.00
    3.10    5.51    0.00    0.00    8.74    6.67  180.00   -0.82   -0.09    0.00    5.75    0.20     -19     -14    0.00
    3.10    5.51    0.00    0.00    4.98    6.22  196.70   -0.57   -0.18    0.00    2.01    0.07     -19       0    0.00
    3.10    5.51    0.00    0.00    4.98    6.22  196.70   -0.57   -0.18    0.00    2.01    0.07      -4       0    0.00
    3.10    5.51    0.00    0.00    4.98    6.22  196.70   -0.57   -0.18    0.00    2.01    0.07      -4       4    0.00
    3.10    5.51    0.00    0.00    4.98    6.22  196.70   -0.57   -0.18    0.00    2.01    0.07       0       4    0.00
   16.57    6.93    0.00    0.00    3.43    6.49    6.34    0.00    0.00    0.00   13.15   -0.08       0       4    0.00
   16.57    6.93    0.00    0.00    3.43    6.49    6.34    0.00    0.00    0.00   13.15   -0.08       8       4    0.00
   16.57    6.93    0.00    0.00    3.43    6.49    6.34    0.00    0.00    0.00   13.15   -0.08       8      20    0.00
   16.57    6.93    0.00    0.00    3.43    6.49    6.34    0.00    0.00    0.00   13.15   -0.08      24      20    0.00
   16.57    6.93    0.00    0.00    3.43    6.49    6.34    0.00    0.00    0.00   13.15   -0.08      24     118    0.00
   16.57    6.93    0.00    0.00    3.43    6.49    6.34    0.00    0.00    0.00   13.15   -0.08     122     118    0.00
   16.57    6.93    0.00    0.00    3.43    6.49    6.34    0.00    0.00    0.00   13.15   -0.08     122     230    0.00
   16.57    6.93    0.00    0.00    3.43    6.49    6.34    0.00    0.00    0.00   13.15   -0.08     234     230    0.00
   16.57    6.93    0.00    0.00    3.43    6.49    6.34    0.00    0.00    0.00   13.15   -0.08     234     232    0.00
   16.57    6.93    0.00    0.00    3.43    6.49    6.34    0.00    0.00    0.00   13.15   -0.08     236     232    0.00
   16.57    6.93    0.00    0.00    8.16    5.60  354.29    0.74   -0.18   -0.52    8.51    0.26     236     230    0.00
   16.57    6.93    0.00    0.00    8.16    5.60  354.29    0.74   -0.18   -0.52    8.51    0.26     234     230    0.00
   16.57    6.93    0.00    0.00    8.98    5.42  354.29    0.82   -0.18    0.00    7.74    0.30     234      14    0.00
   16.57    6.93    0.00    0.00    8.98    5.42  354.29    0.82   -0.18    0.00    7.74    0.30      18      14    0.00
   16.57    6.93    0.00    0.00   10.69    5.16    0.00    0.82   -0.09 -354.81    6.14    0.29      18       4    0.00
   16.57    6.93    0.00    0.00   10.69    5.16    0.00    0.82   -0.09 -354.81    6.14    0.29       0       4    0.00
   13.80   11.02    0.00    0.00    3.43    2.22   41.18    0.00    0.00    0.00   13.60   -0.02       0       4    0.00
   13.80   11.02    0.00    0.00    3.43    2.22   41.18    0.00    0.00    0.00   13.60   -0.02       8       4    0.00
   13.80   11.11    0.00    0.00    3.43    2.22   36.87    0.00    0.00   -3.73   13.66    0.07       8     124    0.00
   13.80   11.11    0.00    0.00    3.43    2.22   36.87    0.00    0.00   -3.73   13.66    0.07     128     124    0.00
   13.80   11.11    0.00    0.00    3.43    2.22   36.87    0.00    0.00   -3.73   13.66    0.07     128     190    0.00
   13.80   11.11    0.00    0.00    3.43    2.22   36.87    0.00    0.00   -3.73   13.66    0.07     194     190    0.00
   13.80   11.11    0.00    0.00    3.43    2.22   36.87    0.00    0.00   -3.73   13.66    0.07     194     232    0.00
   13.80   11.11    0.00    0.00    3.43    2.22   36.87    0.00    0.00   -3.73   13.66    0.07     236     232    0.00
   13.80   11.11    0.00    0.09    7.27    3.73   21.80    0.82    0.18   -4.76    9.85    0.47     236     220    0.00
   13.80   11.11    0.00    0.09    7.27    3.73   21.80    0.82    0.18   -4.76    9.85    0.47     246     220    0.00
   13.80   11.02    0.00    0.00    8.74    4.36   23.96    0.74    0.27   -2.60    8.37    0.50     246     202    0.00
   13.80   11.02    0.00    0.00    8.74    4.36   23.96    0.74    0.27   -2.60    8.37    0.50     256     202    0.00
   13.80   11.02    0.00    0.00    8.74    4.36   23.96    0.74    0.27   -2.60    8.37    0.50     256     210    0.00
   13.80   11.11    0.00    0.09    9.55    4.62   23.96    0.82    0.27    0.00    7.75    0.57     254     210    0.00
   13.80   11.11    0.00    0.09    9.55    4.62   23.96    0.82    0.27    0.00    7.75    0.57     254      -7    0.00
   13.80   11.11    0.00    0.09    9.55    4.62   23.96    0.82    0.27    0.00    7.75    0.57     -12      -7    0.00
   13.80   11.02    0.00    0.00   11.18    5.33   23.96    0.82    0.36    3.41    6.26    0.72     -12       0    0.00
   13.80   11.02    0.00    0.00   11.18    5.33   23.96    0.82    0.36    3.41    6.26    0.72      -4       0    0.00
   13.80   11.02    0.00    0.00   11.18    5.33   23.96    0.82    0.36    3.41    6.26    0.72      -4       4    0.00
   13.80   11.02    0.00    0.00   11.18    5.33   23.96    0.82    0.36    3.41    6.26    0.72       0       4    0.00
   13.80   11.02    0.00   -0.09    5.14    3.29   35.53   -0.08    0.00   -1.33   11.61    0.11       0       4    0.00
   13.80   11.02    0.00   -0.09    5.14    3.29   35.53   -0.08    0.00   -1.33   11.61    0.11       8       4    0.00
   13.80   11.02    0.00   -0.09    5.14    3.29   35.53   -0.08    0.00   -1.33   11.61    0.11       8      27    0.00
   13.80   11.02    0.00   -0.09    5.14    3.29   35.53   -0.08    0.00   -1.33   11.61    0.11      31      27    0.00
   13.80   11.02    0.00   -0.09    5.22    3.29   32.00    0.08    0.00   -3.53   11.54    0.18      31     111    0.00
   13.80   11.02    0.00   -0.09    5.22    3.29   32.00    0.08    0.00   -3.53   11.54    0.18     116     111    0.00
   13.80   11.02    0.00   -0.09    5.22    3.29   32.00    0.08    0.00   -3.53   11.54    0.18     116     232    0.00
   13.80   11.02    0.00   -0.09    5.22    3.29   32.00    0.08    0.00   -3.53   11.54    0.18     236     232    0.00
   13.80   11.11    0.00    0.09    5.14    3.38   36.87   -0.08    0.00   -8.13   11.61    0.09     236     182    0.00
   13.80   11.11    0.00    0.09    5.14    3.38   36.87   -0.08    0.00   -8.13   11.61    0.09     256     182    0.00
   13.80   11.11    0.00    0.09    5.14    3.38   36.87   -0.08    0.00   -8.13   11.61    0.09     256     153    0.00
   13.80   11.02    0.00    0.00    5.63    3.64   26.56    0.25    0.09  -10.30   11.00    0.27     256     155    0.00
   13.80   11.11    0.00    0.00    6.45    4.09   29.74    0.49    0.27   11.31   10.16    0.24     256     178    0.00
   13.80   11.11    0.00    0.00    6.45    4.09   29.74    0.49    0.27   11.31   10.16    0.24     256     200    0.00
   13.80   11.02    0.00   -0.09    7.76    4.62   32.00    0.65    0.27    8.04    8.80    0.26     256     216    0.00
   13.80   11.02    0.00   -0.09    7.76    4.62   32.00    0.65    0.27    8.04    8.80    0.26     250     216    0.00
   13.80   11.02    0.00    0.00    9.06    5.51   49.39    0.65    0.53   12.53    7.27    0.00     250     232    0.00
   13.80   11.02    0.00    0.00    9.06    5.51   49.39    0.65    0.53   12.53    7.27    0.00     236     232    0.00
   13.80   11.02    0.00    0.00   10.37    6.58   48.81    0.65    0.53    0.00    5.61    0.06     236     -42    0.00
   13.80   11.02    0.00    0.00   10.37    6.58   48.81    0.65    0.53    0.00    5.61    0.06     -46     -42    0.00
   13.80   11.02    0.00    0.00   10.37    6.58   48.81    0.65    0.53    0.00    5.61    0.06     -46     114    0.00
   13.80   11.02    0.00    0.00   10.37    6.58   48.81    0.65    0.53    0.00    5.61    0.06     119     114    0.00
   13.80   11.02    0.00    0.00   10.86    7.29   60.94    0.49    0.71   12.13    4.75   -0.16     119     -61    0.00
   13.80   11.02    0.00    0.00   10.86    7.29   60.94    0.49    0.71   12.13    4.75   -0.16     -65     -61    0.00
   13.80   11.02    0.00    0.00   10.86    7.29   60.94    0.49    0.71   12.13    4.75   -0.16     -65      62    0.00
   13.80   11.02    0.00    0.00   10.86    7.29   60.94    0.49    0.71   12.13    4.75   -0.16      66      62    0.00
   13.80   11.02    0.00    0.00   10.86    7.29   60.94    0.49    0.71   12.13    4.75   -0.16      66      10    0.00
   13.80   11.02    0.00    0.00   10.86    7.29   60.94    0.49    0.71   12.13    4.75   -0.16      15      10    0.00
   13.80   11.02    0.00    0.00   10.86    7.29   60.94    0.49    0.71   12.13    4.75   -0.16      15       4    0.00
   13.80   11.02    0.00    0.00   10.86    7.29   60.94    0.49    0.71   12.13    4.75   -0.16       8       4    0.00
   13.71   11.11   -0.08    0.00   12.74    9.78   68.19    0.25    0.44    7.25    1.66   -0.25       8       4    0.00
   13.71   11.11   -0.08    0.00   12.74    9.78   68.19    0.25    0.44    7.25    1.66   -0.25       0       4    0.00
    4.00    2.84   -0.08    0.00   15.92   12.00  210.96    0.00    0.00    4.40   15.03    0.12       0      27    0.00
    4.00    2.84   -0.08    0.00   15.92   12.00  210.96    0.00    0.00    4.40   15.03    0.12      31      27    0.00
    4.00    2.84    0.00    0.00   15.92   12.00  210.96    0.00    0.00   -2.73   15.03    0.12      31      60    0.00
    4.00    2.84    0.00    0.00   15.92   12.00  210.96    0.00    0.00   -2.73   15.03    0.12      64      60    0.00
    4.00    2.84    0.00    0.00   15.92   12.00  210.96    0.00    0.00   -2.73   15.03    0.12      64     160    0.00
    4.00    2.84    0.00    0.00   15.92   12.00  210.96    0.00    0.00   -2.73   15.03    0.12     164     160    0.00
    4.00    2.84    0.00    0.00   15.92   12.00  210.96    0.00    0.00   -2.73   15.03    0.12     164     230    0.00
    4.00    2.84    0.00    0.00   15.92   12.00  210.96    0.00    0.00   -2.73   15.03    0.12     234     230    0.00
    4.00    2.84    0.00    0.00   15.92   12.00  210.96    0.00    0.00   -2.73   15.03    0.12     234     232    0.00
    4.00    2.84    0.00    0.00   15.92   12.00  210.96    0.00    0.00   -2.73   15.03    0.12     236     232    0.00
    4.00    2.84    0.00    0.00    9.39    8.00  217.87   -0.65   -0.53    6.91    7.46    0.10     236     222    0.00
    4.00    2.84    0.00    0.00    9.39    8.00  217.87   -0.65   -0.53    6.91    7.46    0.10     226     222    0.00
    4.00    2.84    0.00    0.00    8.00    7.11  217.87   -0.74   -0.53   -3.31    5.85    0.16     226       4    0.00
    4.00    2.84    0.00    0.00    8.00    7.11  217.87   -0.74   -0.53   -3.31    5.85    0.16       8       4    0.00
    4.00    2.84    0.00    0.00    6.61    6.04  217.87   -0.65   -0.53    6.91    4.13    0.23       8       4    0.00
    4.00    2.84    0.00    0.00    6.61    6.04  217.87   -0.65   -0.53    6.91    4.13    0.23       0       4    0.00